0011111111101000
1000000001001101
0011111111001011
0011111111110100
1000000000111101
0011111111001111
0100000000000000
0000000000000000
0000000000000000
0100000000001100
1000000000100110
0011111111001111
0100000000011000
1000000000011110
0011111111001011
0011111111001111
1000000010011101
0011111110010101
0011111111101000
1000000001111011
0011111110011110
0100000000000000
0000000000000000
0000000000000000
0100000000011000
1000000001001011
0011111110011110
0100000000110010
1000000000111011
0011111110010101
0011111110011110
1000000100111011
0011111100101100
0011111111010000
1000000011110111
0011111100111101
0100000000000000
0000000000000000
0000000000000000
0100000000110000
1000000010011000
0011111100111101
0100000001100011
1000000001110111
0011111100101010
0011111100111110
1000001001110111
0011111001011100
0011111110100010
1000000111110010
0011111001111110
0100000000000000
0000000000000000
0000000000000000
0100000001011111
1000000100110111
0011111001111100
0100000011000100
1000000011110110
0011111001010111
0011111010000100
1000010011110110
0011110011001001
0011111101000110
1000001111110101
0011110100001001
0100000000000000
0000000000000000
0000000000000000
0100000010111100
1000001010001001
0011110100000001
0100000110000101
1000001000001011
0011110010110110
0011110100100100
1000101000010001
0011100111010000
0011111010011000
1000100000110001
0011101001000000
0100000000000000
0000000000000000
0000000000000000
0100000101110001
1000010110000000
0011101000011110
0100001011111110
1000010010001101
0011100110000101
0011101010101000
1001010010101100
0011010001110001
0011110101010101
1001000101110001
0011010100011100
0100000000000000
0000000000000000
0000000000000000
0100001011001001
1000110010100010
0011010010100010
0100010111010100
1000101011100101
0011001101100011
0011011001111101
1010101100001010
0010101101111001
0011101100100011
1010011001100000
0010110000110100
0100000000000000
0000000000000000
0000000000000000
0100010101000011
1001111100000001
0010101010010100
0100101100101100
1001110000110110
0010011111100100
0011000000110110
1101100001011011
0001111000010010
0011011110100000
1101010010011010
0001111000010011
0100000000000000
0000000000000000
0000000000000000
0100100110100011
1100111000010001
0001100011110111
0101010011110110
1100101101011111
0001001011110101
0010100010000101
0001100100110001
0000101110101001
0011001011101111
0001110011011100
0000100011011000
0100000000000000
0000000000000000
0000000000000000
0101000001101100
0010010001000011
1111101010110001
0110010100010111
0010011111001010
1110110101010011
