1000000001001101
0011111110110011
1000000000111101
0011111111000011
0000000000000000
0000000000000000
1000000000100110
0011111111011010
1000000000011110
0011111111100010
1000000010011101
0011111101100100
1000000001111011
0011111110000110
0000000000000000
0000000000000000
1000000001001011
0011111110110110
1000000000111011
0011111111000110
1000000100111011
0011111011001001
1000000011110111
0011111100001110
0000000000000000
0000000000000000
1000000010011000
0011111101101100
1000000001110111
0011111110001101
1000001001110111
0011110110011010
1000000111110010
0011111000100000
0000000000000000
0000000000000000
1000000100110111
0011111011011011
1000000011110110
0011111100011011
1000010011110110
0011101101001101
1000001111110101
0011110001010000
0000000000000000
0000000000000000
1000001010001001
0011110110111100
1000001000001011
0011111000111011
1000101000010001
0011011011110100
1000100000110001
0011100011010111
0000000000000000
0000000000000000
1000010110000000
0011101110001111
1000010010001101
0011110010000100
1001010010101100
0010111100011001
1001000101110001
0011001001110001
0000000000000000
0000000000000000
1000110010100010
0011011101101011
1000101011100101
0011100100110111
1010101100001010
0010000111110111
1010011001100000
0010011101011000
0000000000000000
0000000000000000
1001111100000001
0010111111010111
1001110000110110
0011001100010000
1101100001011011
0000111001001000
1101010010011010
0001010110110011
0000000000000000
0000000000000000
1100111000010001
0010001010011010
1100101101011111
0010011111101100
0001100100110001
1111010000101101
0001110011011100
1111101111000110
0000000000000000
0000000000000000
0010010001000011
0000101100011100
0010011111001010
0001001001101011
