000111111110101110110
101111111100101010010
000111111101111100010
001000000000000000000
000000000000000000000
000000000000000000000
001000000001010001100
101111111111001100110
000111111101111011111
000111111101010110101
101111111001001001001
000111111011110101001
001000000000000000000
000000000000000000000
000000000000000000000
001000000010101010010
101111111110011011011
000111111011110011110
000111111010110000010
101111110010010101000
000111110111101111001
001000000000000000000
000000000000000000000
000000000000000000000
001000000101010011010
101111111100110010011
000111110111101001101
000111110101101010110
101111100100110000010
000111101111101110011
001000000000000000000
000000000000000000000
000000000000000000000
001000001010100010110
101111111001010010000
000111101111011000111
000111101011111001110
101111001001110000111
000111100000010101110
001000000000000000000
000000000000000000000
000000000000000000000
001000010100111010111
101111110001011000110
000111011111000011000
000111011001110010011
101110010100001110011
000111000011110100001
001000000000000000000
000000000000000000000
000000000000000000000
001000101001010010111
101111011110000111101
000110111110111101100
000110111010001100110
101100101010011100100
000110010010001000101
001000000000000000000
000000000000000000000
000000000000000000000
001001010000110100011
101110101010010111111
000110000000110010101
000110001000001101011
101001011011111101110
000101000011111001010
001000000000000000000
000000000000000000000
000000000000000000000
001010011100011000001
101100010100011011101
000100001010011100011
000101000011100000111
100011100101100101010
000011011000100011100
001000000000000000000
000000000000000000000
000000000000000000000
001100101010010011010
100101101011010101111
000000101100011011000
000011110110110101110
000011010001011100110
000001010011010010011
001000000000000000000
000000000000000000000
000000000000000000000
010000100101111111110
000110110010011100010
100101111001001111100
