00111111101011100001
10000001010010000010
00111111000010101010
01000000000000000000
00000000000000000000
00000000000000000000
01000000010100100110
10000000101001100101
00111111000010101010
00111111100110001000
10000001000101111100
00111111010100110001
01000000000000000000
00000000000000000000
00000000000000000000
01000000011010000010
10000000010010010011
00111111010100011111
00111111011101100110
10000001011111001011
00111111000110100001
01000000000000000000
00000000000000000000
00000000000000000000
01000000100010101100
10000000011010100110
00111111000110000010
00111111011101100111
10000001100011010001
00111111000110100010
01000000000000000000
00000000000000000000
00000000000000000000
01000000100010101100
10000000011110101111
00111111000110000011
00111111011101100111
10000001101000111111
00111111000110100011
01000000000000000000
00000000000000000000
00000000000000000000
01000000100010101011
10000000100100100010
00111111000110000100
00111111011101101000
10000001110000010111
00111111000110100100
01000000000000000000
00000000000000000000
00000000000000000000
01000000100010101011
10000000101011111110
00111111000110000101
00111111001100110000
10000010100110010100
00111110101010010111
01000000000000000000
00000000000000000000
00000000000000000000
01000000110011111010
10000001000000100111
00111110101001010001
00111110111100000110
10000011101001010101
00111110001110100011
01000000000000000000
00000000000000000000
00000000000000000000
01000001000101000011
10000001100011001011
00111110001100101001
00111100111101001010
10001001010110001001
00111010111010011100
01000000000000000000
00000000000000000000
00000000000000000000
01000011001100100101
10000011011010110111
00111010101010001100
00111001000111001001
10010110110100011000
00110100011111010111
01000000000000000000
00000000000000000000
00000000000000000000
01000111101110000011
10001010001000011011
00110011000110100000
00110111100001101011
10100111010010010010
00110001110101110101
01000000000000000000
00000000000000000000
00000000000000000000
01001001110001000110
10011001101111110100
00101111101011100010
00111000000000010011
10111010000000011000
00110010101001000000
01000000000000000000
00000000000000000000
00000000000000000000
01001001001000110000
10110000000000110110
00110000101110111100
00111000101010010001
11010010101101110010
00110011101111000111
01000000000000000000
00000000000000000000
00000000000000000000
01001000010010100110
11001100110110010110
00110010001001011100
00111001011110100011
11101111111010001010
00110101000110011111
01000000000000000000
00000000000000000000
00000000000000000000
01000111010000110101
11101110000101010010
00110011110111010101
00111000000110111011
00001110110011100010
00110010110100000101
01000000000000000000
00000000000000000000
00000000000000000000
01001001000000000111
00010000111000110100
00110000111101011000
00100101111101001001
00100000001001110100
00001011011100001100
01000000000000000000
00000000000000000000
00000000000000000000
01101011111010101010
00001010111000011011
00010010101101011010
