10000001010010010101
00111110101110011111
00000000000000000000
00000000000000000000
10000000101001010001
00111111010110111100
10000001000101111100
00111110111010111001
00000000000000000000
00000000000000000000
10000000010010010011
00111111101110100010
10000001011111001011
00111110100100001000
00000000000000000000
00000000000000000000
10000000011010100110
00111111101000101110
10000001100011010001
00111110100100001001
00000000000000000000
00000000000000000000
10000000011110101111
00111111101000101111
10000001101000111111
00111110100100001010
00000000000000000000
00000000000000000000
10000000100100100010
00111111101000101111
10000001110000010111
00111110100100001100
00000000000000000000
00000000000000000000
10000000101011111110
00111111101000110000
10000010100110010100
00111101110111000110
00000000000000000000
00000000000000000000
10000001000000100111
00111111011101001011
10000011101001010101
00111101001010101001
00000000000000000000
00000000000000000000
10000001100011001011
00111111010001101011
10001001010110001001
00110111110111100110
00000000000000000000
00000000000000000000
10000011011010110111
00111101110110110000
10010110110100011000
00101101100110011111
00000000000000000000
00000000000000000000
10001010001000011011
00111010110100100011
10100111010010010010
00101001010111100000
00000000000000000000
00000000000000000000
10011001101111110100
00111001011100101000
10111010000000011000
00101010101001010011
00000000000000000000
00000000000000000000
10110000000000110110
00111001110111101100
11010010101101110010
00101100011001011000
00000000000000000000
00000000000000000000
11001100110110010110
00111010011100000010
11101111111010001010
00101110100101000010
00000000000000000000
00000000000000000000
11101110000101010010
00111011001000001010
00001110110011100010
00101010111011000000
00000000000000000000
00000000000000000000
00010000111000110100
00111001111101011111
00000110011101000001
00001011000110001000
00000000000000000000
00000000000000000000
00110110001101111000
00010011010010100110
