01000000000000000000
00000000000000000000
00000000000000000000
01000000000000101110
11111111110100101100
00111111110100000011
01000000000001011100
11111111110101010110
00111111110011111111
01000000000010001010
11111111110101111110
00111111110011111000
01000000000010111001
11111111110110100011
00111111110011101110
01000000000000000000
00000000000000000000
00000000000000000000
01000000000001011111
11111111101001011001
00111111101000001100
01000000000010111111
11111111101010101111
00111111101000000011
01000000000100011111
11111111101100000000
00111111100111110011
01000000000110000000
11111111101101001101
00111111100111011110
01000000000000000000
00000000000000000000
00000000000000000000
01000000000010111101
11111111010010011101
00111111010000100111
01000000000101111011
11111111010101001000
00111111010000010100
01000000001000111011
11111111010111101001
00111111001111110101
01000000001011111101
11111111011010000001
00111111001111001011
01000000000000000000
00000000000000000000
00000000000000000000
01000000000101110111
11111110100011011011
00111110100001111100
01000000001011110001
11111110101000101101
00111110100001010101
01000000010001101110
11111110101101101011
00111110100000010110
01000000010111101111
11111110110010010110
00111110011111000000
01000000000000000000
00000000000000000000
00000000000000000000
01000000001011100101
11111101000000101000
00111101000110010011
01000000010111001111
11111101001010111100
00111101000100111110
01000000100011000001
11111101010100101001
00111101000010111011
01000000101110111101
11111101011101110010
00111101000000001001
01000000000000000000
00000000000000000000
00000000000000000000
01000000010110101001
11111001101000011100
00111010010100111101
01000000101101100000
11111001111100000100
00111010010001111010
01000001000100101000
11111010001110100111
00111010001101011110
01000001011100001000
11111010100000000110
00111010000111101000
01000000000000000000
00000000000000000000
00000000000000000000
01000000101011100001
11110001110010111001
00110101000111000010
01000001010111101000
11110010010110010001
00110100111111100011
01000010000100011101
11110010110111110100
00110100110101011011
01000010110010001100
11110011010111100111
00110100101000100111
01000000000000000000
00000000000000000000
00000000000000000000
01000001010001010000
11011110100001100101
00101011101110010000
01000010100100010100
11011111011000101011
00101011011010101101
01000011111001011010
11100000001101010110
00101011000010010101
01000101010000110011
11100000111111101001
00101010100100111100
01000000000000000000
00000000000000000000
00000000000000000000
01000010010001101101
10101111101001111111
00011011110100111111
01000100101000110010
10110000011100001000
00011011000000111010
01000111000101101010
10110001001100101110
00011010000100000001
01001001101000110000
10110001111011110001
00011000111101110100
01000000000000000000
00000000000000000000
00000000000000000000
01000011110000100111
00100001100000110001
00000001101001111101
01000111101111011000
00100010011011111000
10000000011010011001
01001011111101001011
00100011010110100100
10000010101110101000
01010000011010111010
00100100010000110000
10000101010011110110
