11111111100101010010
00111111100101011000
00000000000000000000
00000000000000000000
11111111111001100110
00111111111001101011
11111111001001001001
00111111001001011111
00000000000000000000
00000000000000000000
11111111110011011011
00111111110011110000
11111110010010101000
00111110010011111011
00000000000000000000
00000000000000000000
11111111100110010011
00111111100111100111
11111100100110000010
00111100101011001001
00000000000000000000
00000000000000000000
11111111001010010000
00111111001111011110
11111001001110000111
00111001100001111100
00000000000000000000
00000000000000000000
11111110001011000110
00111110011111101110
11110010100001110011
00110011101100110100
00000000000000000000
00000000000000000000
11111011110000111101
00111101000010000010
11100101010011100100
00101001100010101010
00000000000000000000
00000000000000000000
11110101010010111111
00111010001100111001
11001011011111101110
00011001100000110101
00000000000000000000
00000000000000000000
11100010100011011101
00110100110110100100
10011100101100101010
00000011100000100011
00000000000000000000
00000000000000000000
10101101011010101111
00101010110101110010
00011010001011100110
10010110101110111111
00000000000000000000
00000000000000000000
00110110010011100010
00010101100110000010
