00000000000000000000
00000000000000000000
11111111110011010001
00111111110011010101
11111111110010011111
00111111110010100011
11111111110001101010
00111111110001101110
11111111110000110001
00111111110000110110
00000000000000000000
00000000000000000000
11111111100110011011
00111111100110101101
11111111100100110011
00111111100101000101
11111111100011000101
00111111100011010111
11111111100001001111
00111111100001100001
00000000000000000000
00000000000000000000
11111111001100100101
00111111001101101100
11111111001001010111
00111111001010011110
11111111000101111100
00111111000111000011
11111111000010010011
00111111000011011001
00000000000000000000
00000000000000000000
11111110010111110110
00111110011100001110
11111110010001100000
00111110010101111000
11111110001010110001
00111110001111001000
11111110000011100110
00111110000111111101
00000000000000000000
00000000000000000000
11111100101010000100
00111100111011010001
11111100011101101111
00111100101110111010
11111100010000101010
00111100100001110011
11111100000010110010
00111100010011111001
00000000000000000000
00000000000000000000
11111000111101101000
00111010000000011011
11111000100110010101
00111001101000111100
11111000001101101100
00111001010000000101
11110111110011101001
00111000110101110011
00000000000000000000
00000000000000000000
11110000100110010101
00110100100011010100
11101111111101000000
00110011111000100001
11101111010001100000
00110011001011100000
11101110100011110011
00110010011100001100
00000000000000000000
00000000000000000000
11011100101011111010
00101010110111110100
11011011101101001110
00101001101111100010
11011010101011111011
00101000100100010000
11011001100111111111
00100111010101111010
00000000000000000000
00000000000000000000
10101110000001001110
00011010110111110011
10101101001010101011
00011001001100000110
10101100010010110001
00010111011101101100
10101011011001100011
00010101101100101101
00000000000000000000
00000000000000000000
00011111101001110010
00000001100100000101
00011110101110000110
10000000010111100011
00011101110010011011
10000010010011001000
00011100110110111001
10000100001110011101
