00000000000000000000
00000000000000000000
11111111110100101100
00111111110100110001
11111111110101010110
00111111110101011011
11111111110101111110
00111111110110000010
11111111110110100011
00111111110110100111
00000000000000000000
00000000000000000000
11111111101001011001
00111111101001101011
11111111101010101111
00111111101011000001
11111111101100000000
00111111101100010010
11111111101101001101
00111111101101011110
00000000000000000000
00000000000000000000
11111111010010011101
00111111010011100100
11111111010101001000
00111111010110001111
11111111010111101001
00111111011000110000
11111111011010000001
00111111011011001000
00000000000000000000
00000000000000000000
11111110100011011011
00111110100111110100
11111110101000101101
00111110101101000110
11111110101101101011
00111110110010000100
11111110110010010110
00111110110110101111
00000000000000000000
00000000000000000000
11111101000000101000
00111101010001111000
11111101001010111100
00111101011100001101
11111101010100101001
00111101100101111100
11111101011101110010
00111101101111000110
00000000000000000000
00000000000000000000
11111001101000011100
00111010101011100111
11111001111100000100
00111010111111011010
11111010001110100111
00111011010010000111
11111010100000000110
00111011100011110000
00000000000000000000
00000000000000000000
11110001110010111001
00110101110010100011
11110010010110010001
00110110010111001011
11110010110111110100
00110110111001111001
11110011010111100111
00110111011010110011
00000000000000000000
00000000000000000000
11011110100001100101
00101100111111100000
11011111011000101011
00101101111111000001
11100000001101010110
00101110111011110000
11100000111111101001
00101111110101110000
00000000000000000000
00000000000000000000
10101111101001111111
00011110000110101100
10110000011100001000
00011111101001101100
10110001001100101110
00100001001001101011
10110001111011110001
00100010100110100100
00000000000000000000
00000000000000000000
00100001100000110001
00000101011010100100
00100010011011111000
00000111010100111111
00100011010110100100
00001001001110100011
00100100010000110000
00001011000111000100
