01000000000000000000
00000000000000000000
00000000000000000000
00111111111111010010
11111111110011010001
00111111110100000011
00111111111110100100
11111111110010011111
00111111110011111111
00111111111101110110
11111111110001101010
00111111110011111000
00111111111101000111
11111111110000110001
00111111110011101111
01000000000000000000
00000000000000000000
00000000000000000000
00111111111110100001
11111111100110011011
00111111101000001100
00111111111101000010
11111111100100110011
00111111101000000100
00111111111011100010
11111111100011000101
00111111100111110101
00111111111010000000
11111111100001001111
00111111100111100000
01000000000000000000
00000000000000000000
00000000000000000000
00111111111101000011
11111111001100100101
00111111010000101001
00111111111010000101
11111111001001010111
00111111010000011000
00111111110111000110
11111111000101111100
00111111001111111100
00111111110100000101
11111111000010010011
00111111001111010100
01000000000000000000
00000000000000000000
00000000000000000000
00111111111010001001
11111110010111110110
00111110100010000101
00111111110100010001
11111110010001100000
00111110100001100110
00111111101110010111
11111110001010110001
00111110100000110001
00111111101000011010
11111110000011100110
00111110011111100100
01000000000000000000
00000000000000000000
00000000000000000000
00111111110100011101
11111100101010000100
00111101000110110100
00111111101000111001
11111100011101101111
00111101000110000001
00111111011101010010
11111100010000101010
00111101000100100001
00111111010001100101
11111100000010110010
00111101000010010100
01000000000000000000
00000000000000000000
00000000000000000000
00111111101001011111
11111000111101101000
00111010010110111101
00111111010011000000
11111000100110010101
00111010010101111100
00111110111100100000
11111000001101101100
00111010010011100101
00111110100101111001
11110111110011101001
00111010001111111010
01000000000000000000
00000000000000000000
00000000000000000000
00111111010100111100
11110000100110010101
00110101001110010111
00111110101010001110
11101111111101000000
00110101001110010011
00111101111111101100
11101111010001100000
00110101001011110100
00111101010101010000
11101110100011110011
00110101000110111100
01000000000000000000
00000000000000000000
00000000000000000000
00111110110000010101
11011100101011111010
00101100000111011111
00111101100010000001
11011011101101001110
00101100001101100001
00111100010100111010
11011010101011111011
00101100001111010110
00111011001000110010
11011001100111111111
00101100001101000111
01000000000000000000
00000000000000000000
00000000000000000000
00111101110011010011
10101110000001001110
00011101000100100000
00111011101011010001
10101101001010101011
00011101100000110101
00111001100111100101
10101100010010110001
00011101110110000111
00110111100111111110
10101011011001100011
00011110000100101111
01000000000000000000
00000000000000000000
00000000000000000000
00111100011100110000
00011111101001110010
00000101000111010110
00111001000110000101
00011110101110000110
00000110100010011000
00110101111011010001
00011101110010011011
00000111110001100110
00110010111011101011
00011100110110111001
00001000110101111000
